x <- 10  # atribuicao, <- ou =
x * 2
x = 30
x <- 10
idade <- 10
k <- 30
x + k
