# b^2-4*a*c

b <- 4
a <- 1
c <- 2

b^2 - 4 * a * c